111111111111111111111111111111111111111111111111
100000000000000200000000000000000000000000000001
100000000000000200000000000000000000000000000001
100000000000000200000000000000000000000000000001
100000000000000200000111112000000000000000000001
100000000000000200000000222000000000000000000001
100000000000000200000000220000000000000000000001
100000000000000200000000000000000000000000000001
100000000000000200000000000000000000000000000001
100000000000000200000000000000000000000000000001
100000000000000200000000000000000222222220000001
100000002222002200000000000000000222222220000001
100000020000020200000000000000000222000000000001
100000200000200200000000000000000000000000000001
100000000202000200000000000022220000000000000001
100000000022000200000000000000000000000000000001
100000000022222200000000000000000000000000000001
100000000000000000000000000000000000000000000001
100000000000000000000000000000000000000000000001
100000000000000000000000000000000000000000000001
100000111111000000000000000000000000111111000001
100000000001000000000000000000000000100000000001
100000000001000000000000000000000000100000000001
100000000001000000000000000002220000100000000001
100000000001000000000000000002220000100000000001
100000111111000000000000000002220000111111000001
100000000000000000000000000000000000000000000001
100000000000000000000000000000000000000000000001
100000000000000000000000000000000000000000000001
100000000000000000000000000000000000000000000001
100000002200002200002220000000000000000000000001
100000020200022200000002000000000000000000000001
100000200200002200000220000000000000000000000001
100000222200002200000002000000000000000000000001
100000000200022220002220000000000000000000000001
100000000000000000000000000000000000000000000001
100000000000000000000000000000000000000000000001
100000000000000000000000000000000000000000000001
100000000000000000000000000000000002222200000001
100000000000000000000000000000000000020000000001
100000000000000000000000000000000000020000000001
100000000000000000000020000000000000020000000001
100000000000000000022222000000000000020000000001
100000000000000000002111110000000000020000000001
100000000000000000000000000000000000000000000001
100000000000000000000000000000000000000000000001
100000000000000000000000000000000000000000000001
111111111111111111111111111111111111111111111111